Sample  Fractions   AlPP  FePP  CPP   NPP AlOX    FeOX SiOX   NOX  COX AlDC   FeDC  SiOX
2A-4    fLF         0.77  0.11  58    3.1 0.66    0.08 0.34   0.03 0.2 0.03   0.03  0.02
        oLF         1.26  0.10  113   3.8 0.44    0.05 0.15   0.01 0.2 0.03   0.01  0.01
        <0.2 um     0.87  0.23  103   5.5 2.23    0.23 1.11   0.12 2.2 0.07   0.08  0.07
        0.2 2 um    0.84  0.17  89    4.1 1.47    0.18 0.74   0.05 1.4 0.06   0.05  0.04
        2 53 um     0.15  0.03  9     0.4 0.13    0.02 0.04   0.01 0.2 0.01   0.02  0.02
        53 2000 um  0.03  0.01  2         0.04    0.12 0.00            0.01   0.04  0.02
4A-2    <0.2 um     0.89  0.13  120   4.0 2.50    0.33 1.24   0.08 2.6 0.07   0.07  0.04
        0.2 2 um    0.74  0.09  79    2.4 1.40    0.20 0.70   0.03 1.3 0.05   0.05  0.03
        2 53 um     0.12  0.02  7     0.2 0.11    0.19 0.04            0.01   0.05
        53 2000 um  0.01  0.00  1         0.02    0.58                        0.09  0.01
2A-4    fLF         6.9   1.0   0.53  0.03 6.0    0.7  3.1    0.00 0.00 0.3   0.2   0.2
        oLF         10.0  0.8   0.90  0.03 3.5    0.4  1.2    0.00 0.00 0.2   0.1   0.1
        <0.2 um     272.6 72.1  32.42 1.73 699.1  72.7 348.4  0.04 0.70 22.3  26.5  21.7
        0.2 2 um    337.3 68.7  35.86 1.64 590.8  73.8 296.0  0.02 0.57 25.8  21.0  17.4
        2 53 um     26.3  4.6   1.58  0.07 23.5   4.3  7.4    0.00 0.04 1.1   4.4   3.8
        53 2000 um  2.0   0.3   0.11       2.6    7.4  0.3              0.5   2.3   1.1
        Recovery    102%  110%  100%  104% 96%    91%  92%    97%  92%  93%   97%   116%
4A-2    <0.2 um     333.8 49.4  45.05 1.52 942.5  124.8466.1  0.03 0.99 24.5  24.8  15.4
        0.2 2 um    210.7 25.8  22.47 0.70 398.9  57.1 199.8  0.01 0.38 13.7  14.7  8.2
        2 53 um     22.2  3.4   1.29  0.03 21.5   35.4 6.7              1.2   8.8   0.9
        53 2000 um  0.9   0.2   0.12       3.2    80.5                  0.2   12.2  0.9
        Recovery    97%   126%  104%  112% 95%    142% 90%    90%  102% 92%   120% 111%
