Sample  Fractions   Mass  TOC   TN    CN  TOC     TN
2A-4    fLF         0.9   198   22.4  9   1.8     0.20
        oLF         0.8   220   8.5   26  1.7     0.07
        <0.2 um     31.4  186   10.0  19  58.4    3.15
        0.2 2 um    40.2  177   6.6   27  71.3    2.67
        2 53 um     18.0  24    0.7   34  4.4     0.13
        53 2000 um  6.1   2     0.2   13  0.1     0.01
        Recovery    97.4                  96.40   100.20
4A-2    fLF         0.7   208   4.6   46  1.4     0.03
        oLF         0.9   361   5.0   72  3.3     0.05
        <0.2 um     37.7  188   5.5   34  70.8    2.06
        0.2 2 um    28.6  146   3.7   40  41.7    1.05
        2 53 um     19.1  12    0.3   34  2.2     0.07
        53 2000 um  13.9  0.5   0.05  10  0.1     0.01
        Recovery    100.9                 104.50  89.60
