LayerTOC TN  C/NpH  AlPP FePP CPPNPP AlOX FeOX SiOX NOX  COX AlDC FeDC SiDC
2A-1 114 5.6 20 5.7 0.49 0.11 52 2.9 1.04 0.13 0.51 0.06 1.2 0.03 0.04 0.03
2A-2 120 5.6 21 5.6 0.55 0.12 57 2.8 1.14 0.15 0.56 0.05 1.2 0.06 0.06 0.05
2A-3 138 6.7 21 5.5 0.63 0.14 66 3.3 1.33 0.17 0.69 0.06 1.3 0.04 0.05 0.03
2A-4 143 6.2 23 5.5 0.65 0.13 71 3.4 1.38 0.18 0.71 0.06 1.4 0.05 0.06 0.04
2A-5 135 7.0 19 5.5 0.64 0.14 69 3.5 1.44 0.18 0.74 0.07 1.3 0.05 0.05 0.03
2A-6 133 6.8 20 5.5 0.61 0.13 66 3.2 1.41 0.16 0.72 0.06 1.3 0.04 0.05 0.03
4A-1 97  3.1 32 5.5 0.53 0.04 54 2.1 1.44 0.21 0.78 0.04 1.4 0.04 0.05 0.02
4A-2 114 3.6 31 5.5 0.59 0.06 66 2.0 1.44 0.21 0.74 0.04 1.3 0.04 0.05 0.02
4A-3 111 3.4 33 5.5 0.56 0.06 62 2.2 1.62 0.24 0.83 0.05 1.8 0.04 0.05 0.02
4A-4 90  3.2 28 5.5 0.47 0.04 42 2.0 2.08 0.32 1.16 0.08 2.2 0.06 0.06 0.03
4A-5 59  2.6 22 5.5 0.32 0.02 26 1.0 2.46 0.37 1.49 0.09 2.1 0.09 0.08 0.05
4A-6 37  1.9 20 5.5 0.21 0.01 8  0.5 2.73 0.35 1.87 0.07 1.3 0.13 0.15 0.10
